4.659584472656250000e+03 8.514083251953125000e+02
1.580856628417968750e+02 3.022683349609375000e+03
4.236333007812500000e+03 1.552858398437500000e+03
5.017951171875000000e+03 3.620626708984375000e+03
5.172617675781250000e+03 6.237144165039062500e+02
2.917613037109375000e+03 2.043724243164062500e+03
1.451283325195312500e+03 6.509526367187500000e+03
2.573974121093750000e+03 8.220339843750000000e+03
4.914483642578125000e+02 4.625252929687500000e+03
2.410145751953125000e+03 2.891781738281250000e+03
9.847479858398437500e+02 1.238695800781250000e+03
2.309257568359375000e+03 5.739044433593750000e+03
1.849137268066406250e+02 2.409099853515625000e+03
5.150775390625000000e+03 5.654069824218750000e+03
2.542627929687500000e+03 6.819338867187500000e+03
2.114420654296875000e+03 9.346860351562500000e+03
1.282834960937500000e+03 7.235441406250000000e+03
1.541782531738281250e+02 8.381426757812500000e+03
5.045481933593750000e+03 4.838947265625000000e+03
4.176043457031250000e+03 4.516388183593750000e+03
5.020937500000000000e+03 5.116346679687500000e+03
6.105405273437500000e+03 7.899520996093750000e+03
2.312406005859375000e+02 1.697510742187500000e+03
5.800253417968750000e+03 2.632726562500000000e+03
3.871030029296875000e+03 2.752279785156250000e+03
2.382143310546875000e+03 6.869437988281250000e+03
3.609178955078125000e+03 8.247312500000000000e+03
7.779833984375000000e+02 4.056425292968750000e+03
5.961232421875000000e+03 2.762410888671875000e+02
1.655323242187500000e+03 5.626602050781250000e+03
3.540774902343750000e+03 2.596741210937500000e+03
3.538755126953125000e+03 5.601997558593750000e+03
5.340477539062500000e+03 8.666250000000000000e+03
6.004588867187500000e+03 3.648662841796875000e+03
3.480971984863281250e+02 9.397792968750000000e+03
1.641800903320312500e+03 2.675311767578125000e+03
4.487374267578125000e+02 8.220242187500000000e+03
3.310654296875000000e+03 8.255304687500000000e+03
2.646716064453125000e+03 4.160401855468750000e+03
5.312788085937500000e+03 4.862035156250000000e+03
2.942180175781250000e+02 9.210033203125000000e+03
1.839536132812500000e+03 8.013184570312500000e+03
5.966556640625000000e+03 2.684064208984375000e+03
2.666134277343750000e+03 6.723343261718750000e+03
1.599647094726562500e+03 6.433316894531250000e+03
1.928843627929687500e+03 5.531818359375000000e+03
6.074552246093750000e+03 6.439018066406250000e+03
2.430209228515625000e+03 2.804010986328125000e+03
2.128520263671875000e+03 3.535651367187500000e+03
5.238657226562500000e+03 4.811301269531250000e+03
5.175441894531250000e+03 1.430039062500000000e+03
1.267077270507812500e+03 7.348501953125000000e+03
2.175483642578125000e+03 1.628711059570312500e+03
5.445273437500000000e+03 9.775625000000000000e+02
3.679782226562500000e+03 6.952178344726562500e+02
3.002222167968750000e+03 2.770500488281250000e+03
2.261790527343750000e+03 4.086381835937500000e+03
1.711725463867187500e+02 9.355836914062500000e+03
5.233333007812500000e+03 7.922063476562500000e+03
4.590166015625000000e+03 3.518697509765625000e+03
3.077613830566406250e+02 5.445880859375000000e+03
5.969748046875000000e+03 6.844747070312500000e+03
5.483621582031250000e+03 5.392787597656250000e+03
3.413061279296875000e+03 6.532549804687500000e+03
1.466114990234375000e+03 3.054080322265625000e+03
5.130328125000000000e+03 5.419469238281250000e+03
2.642987548828125000e+03 7.584942016601562500e+02
6.001521972656250000e+03 2.368587158203125000e+03
1.695538574218750000e+03 8.428335937500000000e+03
4.775152832031250000e+03 6.414514160156250000e+03
1.482787109375000000e+03 4.832577636718750000e+03
3.327791748046875000e+03 5.252684082031250000e+03
1.087149780273437500e+03 2.567223632812500000e+03
3.608498046875000000e+03 3.443639892578125000e+03
1.018602142333984375e+02 1.535744506835937500e+03
4.522562988281250000e+03 3.069594383239746094e+01
3.180045166015625000e+03 9.336845703125000000e+03
2.325637451171875000e+03 9.559414062500000000e+03
4.739562500000000000e+03 7.755389160156250000e+03
7.511134643554687500e+02 2.570614746093750000e+03
2.746120117187500000e+03 6.184777832031250000e+03
1.317965576171875000e+03 7.123261718750000000e+03
1.389287109375000000e+03 1.380318603515625000e+03
1.504530883789062500e+03 1.353203125000000000e+03
4.569556152343750000e+03 1.039919677734375000e+03
3.780132812500000000e+03 4.656025878906250000e+03
4.345447753906250000e+03 9.084866210937500000e+03
5.692820800781250000e+03 8.433956054687500000e+03
1.736561767578125000e+03 4.188340332031250000e+03
2.543240234375000000e+03 3.423394042968750000e+03
5.480845703125000000e+03 8.275059570312500000e+03
3.193765869140625000e+03 3.932080810546875000e+03
4.442071777343750000e+03 5.282256347656250000e+03
1.125884914398193359e+01 7.108349609375000000e+03
3.376662292480468750e+02 1.053617187500000000e+03
4.071037109375000000e+03 9.259926757812500000e+03
6.380653808593750000e+03 4.324458007812500000e+03
1.047958740234375000e+03 1.664098815917968750e+02
6.024395996093750000e+03 1.792131591796875000e+03
4.772883300781250000e+03 9.197835937500000000e+03
3.598089843750000000e+03 5.592015136718750000e+03
1.030494384765625000e+03 4.456660156250000000e+03
4.023324951171875000e+03 3.717046386718750000e+03
4.209671386718750000e+03 1.652734619140625000e+03
5.081682128906250000e+03 1.019937377929687500e+03
3.889153564453125000e+03 1.884630859375000000e+03
4.910488586425781250e+02 5.321170654296875000e+02
5.990824707031250000e+03 2.908044189453125000e+03
3.076536560058593750e+02 4.806315429687500000e+03
9.056422119140625000e+02 9.407712890625000000e+03
4.657812805175781250e+02 2.539452636718750000e+03
2.393586425781250000e+03 9.375894531250000000e+03
2.187571411132812500e+02 4.827755371093750000e+03
1.629093933105468750e+02 2.768046630859375000e+03
2.029085693359375000e+03 5.796778488159179688e+01
5.811956054687500000e+03 2.152141113281250000e+03
6.169418457031250000e+03 7.624907226562500000e+03
1.219085937500000000e+03 4.469938964843750000e+03
4.301156250000000000e+03 7.539456054687500000e+03
2.067408203125000000e+03 6.236371093750000000e+03
1.925678100585937500e+03 2.655061279296875000e+03
5.384944335937500000e+03 6.850904296875000000e+03
3.865819824218750000e+03 4.939538574218750000e+03
2.392516113281250000e+03 1.603878417968750000e+03
2.403900878906250000e+03 9.293419921875000000e+03
2.655415039062500000e+02 8.295262695312500000e+03
1.988371093750000000e+03 3.187969726562500000e+03
2.498674072265625000e+03 3.409287109375000000e+03
4.546236328125000000e+03 7.520462890625000000e+03
2.838107421875000000e+03 7.328970214843750000e+03
7.134239196777343750e+01 5.067703125000000000e+03
5.256775878906250000e+03 1.255750366210937500e+03
3.600184814453125000e+03 1.380484619140625000e+03
8.296677398681640625e+01 6.456706542968750000e+03
2.792321289062500000e+03 3.562677490234375000e+03
3.451219238281250000e+03 1.855604248046875000e+03
2.236204589843750000e+03 2.621132812500000000e+03
5.951411132812500000e+02 1.265622802734375000e+03
2.248619140625000000e+03 6.737710571289062500e+02
3.439124023437500000e+03 6.545779785156250000e+03
7.485553588867187500e+02 6.959275390625000000e+03
1.031831542968750000e+03 4.385385253906250000e+03
2.158608886718750000e+03 5.191567871093750000e+03
2.433288818359375000e+03 6.149629394531250000e+03
4.742595214843750000e+03 4.217772949218750000e+03
3.272607666015625000e+03 4.030865478515625000e+03
2.984403564453125000e+03 7.847956542968750000e+03
2.797643066406250000e+03 6.880585937500000000e+03
1.036281372070312500e+03 3.889804931640625000e+03
8.232395019531250000e+02 5.898263671875000000e+03
2.677146972656250000e+03 1.812956176757812500e+03
4.119778808593750000e+03 7.231207519531250000e+03
1.016866882324218750e+03 4.901229003906250000e+03
4.124376953125000000e+03 2.689952392578125000e+03
3.767429687500000000e+03 4.983982421875000000e+03
3.176127441406250000e+03 3.640240478515625000e+03
1.854247924804687500e+03 5.346704101562500000e+03
4.696742187500000000e+03 9.111245117187500000e+03
5.485091796875000000e+03 2.086355468750000000e+03
2.021231689453125000e+03 3.677979492187500000e+03
2.270114990234375000e+03 1.766968917846679688e+01
1.235740966796875000e+03 2.880262207031250000e+03
4.125749511718750000e+03 3.142999267578125000e+03
5.990878417968750000e+03 6.451929199218750000e+03
5.260843750000000000e+03 6.614005859375000000e+03
1.152574218750000000e+03 4.568487792968750000e+03
4.629494323730468750e+02 8.633648437500000000e+03
3.863653808593750000e+03 4.975226074218750000e+03
1.666933715820312500e+03 2.070146240234375000e+03
5.960889648437500000e+03 8.466925781250000000e+03
2.916459716796875000e+03 1.464644042968750000e+03
4.683803710937500000e+03 1.584898437500000000e+03
3.030778076171875000e+03 1.632334289550781250e+02
2.580722656250000000e+02 8.117605957031250000e+03
4.982267089843750000e+03 4.687049804687500000e+03
3.218727050781250000e+03 6.190704589843750000e+03
1.299268920898437500e+03 7.757451171875000000e+03
1.152066528320312500e+03 4.902997070312500000e+03
4.358491699218750000e+03 8.341393554687500000e+03
1.554094238281250000e+03 3.545015380859375000e+03
3.975091796875000000e+03 5.213309082031250000e+03
4.371804687500000000e+03 6.057007324218750000e+03
2.791549316406250000e+03 5.806309570312500000e+03
4.117090820312500000e+03 8.659832031250000000e+03
4.791869140625000000e+03 5.649866210937500000e+03
5.773271972656250000e+03 4.738628417968750000e+03
5.260671875000000000e+03 2.792248291015625000e+03
5.952206542968750000e+03 2.086846923828125000e+03
6.337172363281250000e+03 3.250347900390625000e+03
1.502600219726562500e+03 7.552227539062500000e+03
5.892069824218750000e+03 8.075541015625000000e+03
3.739328002929687500e+02 6.423998413085937500e+02
1.580199707031250000e+03 6.000822265625000000e+03
3.315104492187500000e+03 4.890310546875000000e+03
4.006044677734375000e+03 8.996808624267578125e+01
3.943814453125000000e+03 5.317812011718750000e+03
1.140372558593750000e+03 4.610544433593750000e+03
4.971311523437500000e+03 5.328202636718750000e+03
4.380353027343750000e+03 1.951219360351562500e+03
2.261332275390625000e+03 3.533001708984375000e+03
5.735732910156250000e+03 2.983781982421875000e+03
4.275638671875000000e+03 1.524364379882812500e+03
2.151869140625000000e+03 8.754523437500000000e+03
1.708516113281250000e+03 6.221623535156250000e+03
1.375973632812500000e+03 6.686091796875000000e+03
5.634816406250000000e+03 8.616535156250000000e+03
3.856287109375000000e+03 6.478440429687500000e+03
1.351575073242187500e+03 2.574080810546875000e+03
3.648758544921875000e+03 2.520811279296875000e+03
3.319323730468750000e+03 8.534122070312500000e+03
3.157094726562500000e+03 7.461751098632812500e+02
3.045140869140625000e+03 1.619427734375000000e+03
4.653797363281250000e+03 6.691629882812500000e+03
5.824255859375000000e+03 7.786015136718750000e+03
3.500948242187500000e+03 4.621777832031250000e+03
5.915401855468750000e+03 9.381094726562500000e+03
6.041068359375000000e+03 8.065048339843750000e+03
6.335971191406250000e+03 8.075022460937500000e+03
3.269109191894531250e+02 5.502362792968750000e+03
2.058996337890625000e+03 1.286237426757812500e+03
1.286691650390625000e+03 6.764205078125000000e+03
2.994356445312500000e+03 6.165449707031250000e+03
5.786660156250000000e+03 8.328515625000000000e+03
5.424408203125000000e+03 2.549413574218750000e+03
5.649706054687500000e+03 5.323198242187500000e+02
2.690460937500000000e+03 6.330000976562500000e+03
5.640508789062500000e+03 6.008874511718750000e+03
3.725263916015625000e+03 9.114925781250000000e+03
1.612524658203125000e+03 4.098646972656250000e+03
5.836266113281250000e+03 5.556548339843750000e+03
2.627208984375000000e+03 4.310608886718750000e+03
3.343942626953125000e+03 3.785173339843750000e+03
3.165388916015625000e+03 4.109863281250000000e+03
2.277756103515625000e+03 1.499886474609375000e+03
3.498705566406250000e+03 6.807308593750000000e+03
5.668583984375000000e+03 6.909614257812500000e+03
3.862408935546875000e+03 7.883628906250000000e+03
3.154820312500000000e+03 8.324892578125000000e+03
8.668087158203125000e+02 2.915026367187500000e+03
5.154978515625000000e+03 4.579802734375000000e+03
1.284549194335937500e+03 2.159022949218750000e+03
4.960702148437500000e+03 6.567305175781250000e+03
1.443256225585937500e+03 1.602458618164062500e+03
3.019000488281250000e+03 4.163389648437500000e+03
4.101802246093750000e+03 5.500484375000000000e+03
2.382446533203125000e+03 4.600225097656250000e+03
3.287825195312500000e+03 6.703804199218750000e+03
3.799213134765625000e+03 7.786208629608154297e+00
1.477721862792968750e+02 3.871138427734375000e+03
7.260266113281250000e+02 7.793484863281250000e+03
1.428009033203125000e+03 7.513785156250000000e+03
3.885547119140625000e+03 5.439828491210937500e+02
4.335721679687500000e+03 3.159702148437500000e+02
2.397820312500000000e+03 6.508646972656250000e+03
2.732857421875000000e+03 3.444604797363281250e+02
3.037727783203125000e+03 3.022813720703125000e+03
5.328342773437500000e+03 5.510915527343750000e+03
4.439654296875000000e+03 4.360304687500000000e+03
4.844692382812500000e+03 3.500036376953125000e+03
1.437575927734375000e+03 7.755114257812500000e+03
3.114203369140625000e+03 1.299049438476562500e+03
3.203528808593750000e+03 1.767557983398437500e+03
2.799535156250000000e+03 4.690853027343750000e+03
4.807935546875000000e+03 4.762522949218750000e+03
1.005712646484375000e+03 7.512887695312500000e+03
2.968244384765625000e+03 2.110345947265625000e+03
1.322738037109375000e+02 3.523750732421875000e+03
3.119693115234375000e+03 8.324778320312500000e+03
2.732791015625000000e+03 8.694491210937500000e+03
6.159383300781250000e+03 4.241765136718750000e+03
5.232624511718750000e+03 6.219997070312500000e+03
6.029958984375000000e+03 6.943368164062500000e+03
8.322139282226562500e+02 7.781250000000000000e+03
3.772831787109375000e+03 5.498583007812500000e+03
3.617606811523437500e+02 5.582275390625000000e+02
3.137864257812500000e+03 3.519454589843750000e+03
5.084322509765625000e+02 5.758584960937500000e+03
4.298655273437500000e+03 1.669423583984375000e+03
6.383070312500000000e+03 5.781630249023437500e+02
3.029007568359375000e+03 7.274513671875000000e+03
1.347878051757812500e+03 4.903395996093750000e+03
4.751196777343750000e+03 6.085645996093750000e+03
3.766188720703125000e+03 3.919310302734375000e+03
2.353265991210937500e+02 7.326107421875000000e+03
3.701991455078125000e+03 4.327545410156250000e+03
5.911248046875000000e+03 5.352393554687500000e+03
1.409521850585937500e+03 5.731856079101562500e+02
7.411273803710937500e+02 3.772246093750000000e+03
5.339101562500000000e+03 1.028583862304687500e+03
1.658795043945312500e+03 1.543144409179687500e+03
5.136227539062500000e+03 3.940562255859375000e+03
1.753807902336120605e+00 7.966056152343750000e+03
2.860057861328125000e+03 4.467312011718750000e+03
6.303708496093750000e+03 5.335542480468750000e+03
5.029888183593750000e+03 8.678445312500000000e+03
4.573600097656250000e+03 8.469540039062500000e+03
4.218889160156250000e+03 3.959525390625000000e+03
1.337042236328125000e+03 5.212712402343750000e+03
1.981414428710937500e+03 1.934517456054687500e+03
1.256472167968750000e+03 5.332889160156250000e+03
5.862252441406250000e+03 2.108281250000000000e+03
3.762978759765625000e+03 6.233558593750000000e+03
6.323251953125000000e+03 2.006212036132812500e+03
2.916263916015625000e+03 4.444743164062500000e+03
1.762552246093750000e+03 2.823967590332031250e+02
5.078529296875000000e+03 4.771036621093750000e+03
5.731847656250000000e+03 4.045488281250000000e+03
1.184515991210937500e+03 1.282670166015625000e+03
2.558526123046875000e+03 3.586139404296875000e+03
5.853227539062500000e+03 3.510283447265625000e+03
1.473477783203125000e+02 2.989037353515625000e+03
9.574840087890625000e+02 3.178877563476562500e+02
4.400013671875000000e+03 1.664240478515625000e+03
1.812612609863281250e+02 6.364497070312500000e+03
6.220417480468750000e+03 8.807204101562500000e+03
6.334452636718750000e+03 9.193324218750000000e+03
4.843002441406250000e+03 9.405554687500000000e+03
2.645817565917968750e+02 5.929872558593750000e+03
6.292057128906250000e+03 1.522428955078125000e+03
3.740817871093750000e+03 3.212427978515625000e+03
6.247692871093750000e+02 1.512203857421875000e+03
4.156613769531250000e+03 7.772662109375000000e+03
5.217633789062500000e+03 4.272770507812500000e+03
1.110541625976562500e+03 2.661560546875000000e+03
4.541752929687500000e+03 3.984301025390625000e+03
4.750067871093750000e+03 7.625847656250000000e+03
1.353919921875000000e+03 5.031411132812500000e+03
4.559619628906250000e+03 4.096431640625000000e+03
3.469228515625000000e+03 4.999160766601562500e+02
6.177669433593750000e+03 5.836946289062500000e+03
3.924489990234375000e+03 1.391252929687500000e+03
5.581647949218750000e+03 4.728999023437500000e+03
5.166326660156250000e+03 9.941635742187500000e+02
5.993967285156250000e+03 7.015985839843750000e+03
2.680339843750000000e+03 2.758622314453125000e+03
3.933293212890625000e+03 5.806378417968750000e+03
1.691777587890625000e+03 3.346042724609375000e+03
5.009593750000000000e+03 2.330699462890625000e+03
5.472637207031250000e+03 8.123385253906250000e+03
5.799181640625000000e+03 5.601270507812500000e+03
4.618193359375000000e+03 7.044570800781250000e+03
3.502041931152343750e+02 2.471732421875000000e+03
3.969372802734375000e+03 8.509647460937500000e+03
5.964562011718750000e+03 5.688228515625000000e+03
5.500090332031250000e+03 1.077606323242187500e+03
4.120974609375000000e+03 9.456687927246093750e+01
5.851503906250000000e+03 1.145185058593750000e+03
5.230652832031250000e+03 3.176796875000000000e+03
4.544699218750000000e+03 6.726680175781250000e+03
4.914601074218750000e+03 2.883885009765625000e+03
2.950644775390625000e+03 5.781101074218750000e+03
5.564786132812500000e+03 7.329825195312500000e+03
4.994957031250000000e+03 3.555943847656250000e+03
1.345410766601562500e+03 3.077511474609375000e+03
5.029002929687500000e+03 2.705522949218750000e+03
2.144950927734375000e+03 4.525575256347656250e+02
3.959135498046875000e+03 7.734619140625000000e+03
1.543004394531250000e+03 7.193467773437500000e+03
6.366618164062500000e+03 6.016943359375000000e+03
1.376248046875000000e+03 5.340876464843750000e+03
5.607162109375000000e+03 7.184503417968750000e+03
5.568581054687500000e+03 6.253200195312500000e+03
1.105240600585937500e+03 2.407192138671875000e+03
5.024234924316406250e+02 1.946747192382812500e+03
1.371434692382812500e+03 3.982190246582031250e+02
5.071543457031250000e+03 2.077613037109375000e+03
2.228051025390625000e+03 8.140791503906250000e+03
4.167341796875000000e+03 9.354363281250000000e+03
4.670843261718750000e+03 1.098197875976562500e+03
5.910986816406250000e+03 2.980220336914062500e+02
3.369513671875000000e+03 2.753870361328125000e+03
4.141988281250000000e+03 5.892687988281250000e+03
4.204930175781250000e+03 1.616584960937500000e+03
5.039019042968750000e+03 7.712976074218750000e+02
4.503608886718750000e+03 2.585909667968750000e+03
3.111178222656250000e+03 5.451026367187500000e+03
1.417848510742187500e+03 1.270754638671875000e+03
1.394273071289062500e+03 8.839970703125000000e+03
8.853466796875000000e+02 7.765520996093750000e+03
3.145086669921875000e+03 5.666333496093750000e+03
3.305090087890625000e+03 6.379229492187500000e+03
4.085265136718750000e+03 2.594424560546875000e+03
5.450146484375000000e+03 6.070105957031250000e+03
4.877040039062500000e+03 5.990480346679687500e+02
2.348259033203125000e+03 3.380160888671875000e+03
3.336786621093750000e+03 4.489076660156250000e+03
2.617600341796875000e+03 1.102557006835937500e+03
5.146860351562500000e+03 6.884790527343750000e+03
1.862609130859375000e+03 1.921743896484375000e+03
1.085044799804687500e+03 8.929948242187500000e+03
3.714564208984375000e+03 7.578216796875000000e+03
2.857198791503906250e+02 7.956875488281250000e+03
1.187226562500000000e+03 4.307742187500000000e+03
4.640768554687500000e+03 8.916778320312500000e+03
5.006757812500000000e+03 2.608739990234375000e+03
4.972237792968750000e+03 2.382160644531250000e+03
5.822000000000000000e+03 6.465482421875000000e+03
5.434959960937500000e+03 1.881181518554687500e+03
6.024890136718750000e+03 3.234441650390625000e+03
5.438934570312500000e+03 5.994471191406250000e+03
2.175315917968750000e+03 2.736027099609375000e+03
5.267752929687500000e+03 5.628149414062500000e+03
7.449506835937500000e+02 5.004190368652343750e+02
5.889121093750000000e+03 2.780312011718750000e+03
1.240166259765625000e+03 7.175360839843750000e+03
4.637313964843750000e+03 4.537793945312500000e+03
5.018697753906250000e+03 1.632777954101562500e+03
6.384361328125000000e+03 3.469179931640625000e+03
5.502882324218750000e+03 3.208068115234375000e+03
3.886259155273437500e+02 5.136033203125000000e+03
4.304865234375000000e+03 4.383700683593750000e+03
3.247379638671875000e+03 7.582672882080078125e+01
4.407357910156250000e+03 9.320500000000000000e+03
1.358787719726562500e+03 9.738646240234375000e+02
1.223475341796875000e+03 5.418861694335937500e+02
4.138320312500000000e+03 7.882419433593750000e+03
7.800359497070312500e+02 3.905512207031250000e+03
5.362907226562500000e+03 2.648367431640625000e+03
5.269479370117187500e+02 7.328983398437500000e+03
2.920611572265625000e+03 6.972687011718750000e+03
5.766449218750000000e+03 5.265395996093750000e+03
6.039826171875000000e+03 5.314284515380859375e+01
2.468700927734375000e+03 8.604349609375000000e+03
3.567998535156250000e+03 3.345812744140625000e+03
4.318016113281250000e+03 6.569840332031250000e+03
1.896735229492187500e+03 6.863239257812500000e+03
1.711018554687500000e+03 9.381738281250000000e+03
1.184034790039062500e+03 3.725718017578125000e+03
3.666553466796875000e+03 6.012507812500000000e+03
2.733673583984375000e+03 2.775530273437500000e+03
3.412186523437500000e+03 8.365640625000000000e+03
3.633231201171875000e+03 5.744695312500000000e+03
4.944620605468750000e+03 6.821582519531250000e+03
2.558597412109375000e+03 4.354153320312500000e+03
5.514763183593750000e+03 5.083246093750000000e+03
5.656517089843750000e+03 2.602833984375000000e+03
3.502544189453125000e+03 9.344285156250000000e+03
4.226906250000000000e+03 7.321532592773437500e+02
3.232201416015625000e+03 4.794708496093750000e+03
3.913917968750000000e+03 5.035053710937500000e+03
6.009947265625000000e+03 7.758492187500000000e+03
4.677912597656250000e+03 2.566994628906250000e+03
5.792891601562500000e+03 5.639233886718750000e+03
2.156573974609375000e+03 3.064264648437500000e+03
1.392890747070312500e+03 3.814914062500000000e+03
5.442788085937500000e+03 7.012211914062500000e+03
3.819987792968750000e+03 1.898023559570312500e+03
5.785606933593750000e+03 1.346536254882812500e+03
5.134359375000000000e+03 4.664264160156250000e+03
4.456599609375000000e+03 4.989391601562500000e+03
2.279419921875000000e+03 5.381508300781250000e+03
4.754949707031250000e+03 6.345053710937500000e+03
4.951596679687500000e+03 1.551109863281250000e+03
3.159551269531250000e+03 1.852094848632812500e+03
4.334840820312500000e+03 2.818791503906250000e+03
1.092146606445312500e+03 1.192135620117187500e+03
1.473376953125000000e+03 1.423209716796875000e+03
3.018687255859375000e+03 4.318150878906250000e+03
2.344021484375000000e+03 3.966838378906250000e+03
3.927384521484375000e+03 3.908518554687500000e+03
5.701987304687500000e+03 5.544966308593750000e+03
5.834896972656250000e+03 4.389587890625000000e+03
1.493316772460937500e+03 4.983073242187500000e+03
2.356811279296875000e+03 5.783315429687500000e+03
3.020005615234375000e+03 5.515888671875000000e+03
5.697161132812500000e+03 7.290772460937500000e+03
9.006954345703125000e+02 5.054258300781250000e+03
4.113674316406250000e+03 9.007024414062500000e+03
5.569088867187500000e+03 6.339069824218750000e+03
5.534649902343750000e+03 5.182384765625000000e+03
3.697584960937500000e+03 4.075450927734375000e+03
6.237098632812500000e+03 2.643129638671875000e+03
4.758091796875000000e+03 2.456894042968750000e+03
5.571582031250000000e+03 1.955021240234375000e+03
6.253896484375000000e+03 2.677750488281250000e+03
4.084643066406250000e+03 1.170825073242187500e+03
1.648593383789062500e+03 8.757141601562500000e+03
6.074189453125000000e+03 5.984784179687500000e+03
5.481708496093750000e+03 1.610908203125000000e+03
5.227611816406250000e+03 3.450336425781250000e+03
3.805495605468750000e+02 7.516429687500000000e+03
5.159042968750000000e+03 6.370078613281250000e+03
3.241081787109375000e+03 8.167529296875000000e+03
2.175883544921875000e+03 2.514890869140625000e+03
3.160091064453125000e+03 3.925046386718750000e+03
3.599517578125000000e+03 6.878608398437500000e+03
1.162942626953125000e+03 1.337796752929687500e+03
4.596101074218750000e+03 6.238378906250000000e+03
3.115167724609375000e+03 5.312736816406250000e+03
8.217032470703125000e+02 9.140806640625000000e+03
6.135162597656250000e+03 7.303800292968750000e+03
3.793794921875000000e+03 3.974653808593750000e+03
1.772451660156250000e+03 1.199983032226562500e+03
1.843391113281250000e+03 8.505262451171875000e+02
4.213885253906250000e+03 8.071247070312500000e+03
4.288975585937500000e+03 4.015075683593750000e+03
6.137144531250000000e+03 3.628086181640625000e+03
3.196414550781250000e+03 6.139407714843750000e+03
3.588505859375000000e+03 9.164601562500000000e+03
2.589668945312500000e+03 6.264541503906250000e+03
1.570646118164062500e+03 6.327131835937500000e+03
5.671090332031250000e+03 5.523891113281250000e+03
9.838332176208496094e+00 2.792974365234375000e+03
3.824018310546875000e+03 8.439471679687500000e+03
4.017489501953125000e+03 3.036344970703125000e+03
4.170030273437500000e+03 1.884856933593750000e+03
2.396918945312500000e+03 2.282158203125000000e+03
3.188534423828125000e+03 3.073260009765625000e+03
6.340097167968750000e+03 5.309503784179687500e+02
5.674999023437500000e+03 3.648909179687500000e+03
6.052156250000000000e+03 1.818245849609375000e+03
4.183434570312500000e+03 7.803292480468750000e+03
3.746126708984375000e+03 4.810705566406250000e+03
5.229049804687500000e+03 8.015032714843750000e+03
3.983247314453125000e+03 3.096376708984375000e+03
3.960445861816406250e+02 3.494632324218750000e+03
5.427631347656250000e+03 6.160305664062500000e+03
1.655139892578125000e+03 7.139185058593750000e+03
2.204202880859375000e+03 4.053651367187500000e+03
2.089314453125000000e+03 2.514722656250000000e+03
4.808167480468750000e+03 7.267038085937500000e+03
1.403415771484375000e+03 3.652414062500000000e+03
4.252421386718750000e+03 9.011123046875000000e+03
6.015653320312500000e+03 3.222768310546875000e+03
4.656217773437500000e+03 7.538021484375000000e+03
4.886372558593750000e+03 3.076728271484375000e+03
4.134239257812500000e+03 6.273585937500000000e+03
2.001305664062500000e+03 4.917319335937500000e+03
2.567585449218750000e+02 3.214272216796875000e+03
5.039265625000000000e+03 9.318718750000000000e+03
4.309860351562500000e+03 8.181254882812500000e+03
5.657866210937500000e+03 3.599004638671875000e+03
2.689359436035156250e+02 4.171120117187500000e+03
3.016328857421875000e+03 1.575811157226562500e+03
5.066024414062500000e+03 3.872995117187500000e+03
3.542746093750000000e+03 2.344392089843750000e+03
4.833616333007812500e+02 1.183350830078125000e+03
3.526784179687500000e+03 4.390694335937500000e+03
3.157634033203125000e+03 2.877745117187500000e+03
1.944656616210937500e+03 3.683734863281250000e+03
1.166178588867187500e+03 2.951668701171875000e+03
4.827094238281250000e+03 4.375048828125000000e+03
1.499975952148437500e+03 6.070958007812500000e+03
3.279492919921875000e+03 9.109945312500000000e+03
5.459237792968750000e+03 8.711552734375000000e+03
3.644147705078125000e+03 5.163708984375000000e+03
4.147360351562500000e+03 1.792949707031250000e+03
1.018553405761718750e+03 1.265368896484375000e+03
4.148233886718750000e+03 8.199660156250000000e+03
2.105764648437500000e+03 4.105418945312500000e+03
7.496405029296875000e+02 3.692835937500000000e+03
4.534469726562500000e+03 3.309876708984375000e+03
4.793972656250000000e+03 3.968067138671875000e+03
5.822899902343750000e+03 1.672539794921875000e+03
3.941029541015625000e+03 3.765035888671875000e+03
5.217688964843750000e+03 7.930604003906250000e+03
2.357658691406250000e+03 9.401765625000000000e+03
2.194827636718750000e+03 5.693776855468750000e+03
5.520489746093750000e+03 4.665505371093750000e+03
6.361812988281250000e+03 1.008833435058593750e+03
3.337956054687500000e+03 3.699051513671875000e+03
3.748131835937500000e+03 7.138687500000000000e+03
1.628043334960937500e+03 2.838799560546875000e+03
3.924844238281250000e+03 7.184804687500000000e+03
4.190119628906250000e+02 3.608638183593750000e+03
3.862468261718750000e+03 2.714332763671875000e+03
2.772984375000000000e+03 2.215773681640625000e+03
5.269012695312500000e+03 9.291037109375000000e+03
1.022872436523437500e+03 3.844925048828125000e+03
2.396138916015625000e+03 8.502292968750000000e+03
1.238854370117187500e+03 7.142339843750000000e+03
1.744273223876953125e+02 5.221518554687500000e+03
2.468820068359375000e+03 7.659987792968750000e+03
6.051257324218750000e+02 7.315204589843750000e+03
2.628345947265625000e+03 8.611422851562500000e+03
2.627378906250000000e+03 6.059446777343750000e+03
5.166457519531250000e+03 4.561954101562500000e+03
2.954927246093750000e+03 4.442862792968750000e+03
2.275386230468750000e+03 3.653907470703125000e+03
2.663349609375000000e+03 4.736744140625000000e+03
6.253551757812500000e+03 1.875979858398437500e+03
3.956950927734375000e+03 4.985507812500000000e+03
3.855733886718750000e+03 2.844740478515625000e+03
5.612971679687500000e+03 3.147975830078125000e+03
2.623701171875000000e+03 9.212294921875000000e+03
3.807501464843750000e+03 6.096040527343750000e+03
1.117446533203125000e+03 7.681156738281250000e+03
2.197268310546875000e+03 6.933903808593750000e+03
2.526909912109375000e+03 7.691026367187500000e+03
3.691720703125000000e+03 1.224738769531250000e+03
4.563646972656250000e+03 6.024148437500000000e+03
3.245566162109375000e+03 6.264041015625000000e+03
1.527007202148437500e+03 6.512064941406250000e+03
3.127089355468750000e+03 1.499851440429687500e+03
5.190291503906250000e+03 3.286807128906250000e+03
6.156992187500000000e+03 7.180152832031250000e+03
1.717560791015625000e+03 5.763018066406250000e+03
3.567521484375000000e+03 3.137734863281250000e+03
2.032419921875000000e+03 4.209759765625000000e+03
5.236966796875000000e+03 2.954976318359375000e+03
4.706959960937500000e+03 3.231028076171875000e+03
1.662960449218750000e+03 7.259949707031250000e+03
3.341052490234375000e+03 1.552053588867187500e+03
5.351572753906250000e+03 7.829757812500000000e+03
1.903825805664062500e+03 3.136851074218750000e+03
3.875559570312500000e+03 3.708902832031250000e+03
4.485119140625000000e+03 3.778753417968750000e+03
1.356828125000000000e+03 6.943982421875000000e+03
5.498575195312500000e+03 2.625630615234375000e+03
8.432794189453125000e+02 7.400245605468750000e+03
1.493370727539062500e+03 4.708980468750000000e+03
2.339937011718750000e+03 1.846061157226562500e+03
3.102579345703125000e+03 4.078742431640625000e+03
3.486639404296875000e+01 2.821301513671875000e+03
3.282346679687500000e+03 6.259928222656250000e+03
4.164413452148437500e+02 4.274399414062500000e+03
5.195917480468750000e+03 8.519957031250000000e+03
1.820825073242187500e+03 6.402717285156250000e+03
3.947416503906250000e+03 5.165990722656250000e+03
2.033975341796875000e+03 3.228045898437500000e+03
5.419779785156250000e+03 3.172815185546875000e+03
3.726741455078125000e+03 1.323157348632812500e+03
2.545654541015625000e+03 8.876851562500000000e+03
4.040114501953125000e+03 1.280011230468750000e+03
3.698516357421875000e+03 6.549959472656250000e+03
2.634166259765625000e+03 6.703671386718750000e+03
2.874431396484375000e+03 5.117841796875000000e+03
5.630006347656250000e+03 5.053081054687500000e+03
4.177360351562500000e+03 8.341861572265625000e+02
2.453052490234375000e+03 1.340921264648437500e+03
4.768658691406250000e+03 4.192871582031250000e+03
8.079395751953125000e+02 7.364971679687500000e+03
6.201354598999023438e+01 3.316423339843750000e+03
4.745439453125000000e+03 6.166788574218750000e+03
1.649901367187500000e+03 2.554040283203125000e+03
2.756937988281250000e+03 7.646954101562500000e+03
2.507323242187500000e+03 1.275668212890625000e+03
1.127760253906250000e+03 4.562953613281250000e+03
2.211940673828125000e+03 2.893051513671875000e+03
1.216924316406250000e+03 7.494058105468750000e+03
5.080552246093750000e+03 6.436177734375000000e+03
5.811038574218750000e+03 4.346057128906250000e+03
2.576915771484375000e+03 8.483000976562500000e+03
1.803927124023437500e+03 8.427063476562500000e+03
4.296656250000000000e+03 4.519968261718750000e+03
3.955995361328125000e+03 3.765638427734375000e+03
3.131000000000000000e+03 5.600500000000000000e+03
3.676631591796875000e+03 4.839828125000000000e+03
4.486643066406250000e+03 1.106828247070312500e+03
2.663579345703125000e+03 4.487778808593750000e+03
4.594469726562500000e+03 4.111043457031250000e+03
2.793819824218750000e+03 8.752412719726562500e+02
3.583377685546875000e+02 8.961744140625000000e+03
5.312533691406250000e+03 6.709812011718750000e+02
5.821431274414062500e+02 7.646329589843750000e+03
5.704772460937500000e+03 1.679894287109375000e+03
1.733033935546875000e+03 7.730016113281250000e+03
2.415381835937500000e+03 6.460045898437500000e+03
2.317454833984375000e+03 3.733771240234375000e+03
6.174053710937500000e+03 7.748474121093750000e+03
2.503915283203125000e+03 1.681021606445312500e+03
3.495572021484375000e+03 3.872780029296875000e+03
4.060631591796875000e+03 6.418344726562500000e+02
4.155766601562500000e+03 2.221133544921875000e+03
4.116423828125000000e+03 5.680797363281250000e+03
1.236291748046875000e+03 7.146950683593750000e+02
3.777550048828125000e+03 1.052597167968750000e+03
2.122345214843750000e+03 5.093005859375000000e+03
4.484004394531250000e+03 1.341104003906250000e+03
5.264747070312500000e+03 8.365837890625000000e+03
4.559204101562500000e+03 8.700249023437500000e+03
1.034929809570312500e+03 7.399118164062500000e+03
1.078976440429687500e+03 2.773023925781250000e+03
4.709763183593750000e+03 9.431325195312500000e+03
1.361824462890625000e+03 4.421905273437500000e+03
5.602705688476562500e+02 7.634285156250000000e+03
6.054069335937500000e+03 1.521507690429687500e+03
3.895234619140625000e+03 1.731701660156250000e+03
3.870527587890625000e+03 5.120066894531250000e+03
4.143678222656250000e+03 6.323903320312500000e+03
5.558457519531250000e+03 5.263003417968750000e+03
3.486470703125000000e+03 8.816513671875000000e+03
4.659976074218750000e+03 5.578459472656250000e+03
9.833379516601562500e+02 4.001971679687500000e+03
2.381399658203125000e+03 4.724936035156250000e+03
2.981534179687500000e+03 8.215403320312500000e+03
1.271961059570312500e+02 4.906201171875000000e+03
9.740000610351562500e+02 1.416005249023437500e+03
4.610205566406250000e+03 8.948267578125000000e+03
2.842397949218750000e+03 3.914907958984375000e+03
3.482462646484375000e+03 7.094885253906250000e+03
4.348691406250000000e+03 8.611253906250000000e+03
4.551240722656250000e+03 1.750754394531250000e+03
5.709430664062500000e+03 4.519105468750000000e+03
3.458550292968750000e+03 8.545126953125000000e+02
1.224241821289062500e+03 2.148127685546875000e+03
5.572168945312500000e+03 8.440280273437500000e+03
3.235458251953125000e+03 4.182086914062500000e+03
5.802179687500000000e+03 6.208796386718750000e+03
1.717319824218750000e+03 4.135037597656250000e+03
1.547939697265625000e+03 1.870917236328125000e+03
7.315379638671875000e+02 3.813432373046875000e+03
5.461747070312500000e+03 8.766956176757812500e+02
5.752212402343750000e+03 4.262729980468750000e+03
4.292059082031250000e+03 2.906501708984375000e+03
5.824294433593750000e+03 2.277832275390625000e+03
3.993987548828125000e+03 2.367979980468750000e+03
1.039375366210937500e+03 6.373436035156250000e+03
3.340009033203125000e+03 6.793585449218750000e+03
3.257520019531250000e+03 6.606128417968750000e+03
1.350512084960937500e+03 5.690861328125000000e+03
4.999190917968750000e+03 7.688298828125000000e+03
2.243629638671875000e+03 5.192987304687500000e+03
1.749150024414062500e+03 1.150215209960937500e+03
4.185777343750000000e+03 8.208743164062500000e+03
2.388958892822265625e+02 1.810052490234375000e+03
1.578547485351562500e+03 2.676029541015625000e+03
4.634575195312500000e+03 4.575962402343750000e+03
1.767385620117187500e+03 3.549854980468750000e+03
6.120547851562500000e+03 5.638064941406250000e+03
5.413384277343750000e+03 4.759084960937500000e+03
4.682087890625000000e+03 2.927423095703125000e+03
4.019354003906250000e+03 6.676064941406250000e+03
2.945599609375000000e+03 3.339052490234375000e+03
4.623178710937500000e+03 3.001774658203125000e+03
1.734976318359375000e+03 8.245057617187500000e+03
2.581459716796875000e+03 5.789055664062500000e+03
1.841856201171875000e+03 2.150679687500000000e+03
5.253652832031250000e+03 6.735071777343750000e+03
1.456368774414062500e+03 4.861083984375000000e+03
4.857636718750000000e+03 6.516101074218750000e+03
5.699780761718750000e+03 8.837804687500000000e+03
3.004552734375000000e+03 9.537449218750000000e+03
2.593474365234375000e+03 8.724391479492187500e+02
2.467971923828125000e+03 3.225584228515625000e+03
5.235609375000000000e+03 3.801927978515625000e+03
1.490744506835937500e+03 6.704871582031250000e+03
4.578599609375000000e+03 5.080115234375000000e+03
4.953536132812500000e+03 2.629981201171875000e+03
3.627559082031250000e+03 3.697821044921875000e+03
3.031301269531250000e+03 1.442778564453125000e+03
2.235827392578125000e+03 8.662257812500000000e+03
4.935439941406250000e+03 6.752954101562500000e+03
5.885027832031250000e+03 8.608000000000000000e+03
4.650574218750000000e+03 4.194975585937500000e+03
1.826536132812500000e+03 7.101891113281250000e+03
5.258427246093750000e+03 5.490781250000000000e+03
5.315522460937500000e+03 2.658768920898437500e+02
3.540489257812500000e+03 5.917065429687500000e+03
3.699465576171875000e+03 5.380840332031250000e+03
4.662515625000000000e+03 3.502925781250000000e+03
4.133474609375000000e+03 4.385094238281250000e+03
2.441464111328125000e+03 1.663919830322265625e+02
3.213518310546875000e+03 4.684030273437500000e+03
4.222588378906250000e+03 6.496812011718750000e+03
4.069507812500000000e+03 2.977770996093750000e+03
7.127366333007812500e+02 1.943777221679687500e+03
3.535546142578125000e+03 8.927563476562500000e+03
1.726044067382812500e+03 3.426485595703125000e+03
2.434398925781250000e+03 5.263919921875000000e+03
2.214465820312500000e+03 4.044932861328125000e+02
5.865510742187500000e+03 9.896171569824218750e+00
2.584483398437500000e+03 6.770867675781250000e+03
2.367001953125000000e+03 5.960517578125000000e+03
1.973819824218750000e+03 2.812702392578125000e+03
1.983436523437500000e+03 8.694600830078125000e+02
2.069506103515625000e+03 6.631018066406250000e+03
3.609519287109375000e+03 2.915928466796875000e+03
2.843470214843750000e+03 2.689853515625000000e+03
2.863440673828125000e+03 4.069920410156250000e+03
3.434452880859375000e+03 3.604026123046875000e+03
3.731544433593750000e+03 7.806055175781250000e+03
3.754576904296875000e+03 4.380789550781250000e+03
8.060765380859375000e+02 1.691216186523437500e+03
4.985294433593750000e+03 1.624802856445312500e+03
5.207952636718750000e+03 7.364542968750000000e+03
5.911119628906250000e+03 1.139694335937500000e+03
1.463149414062500000e+03 3.373221435546875000e+03
3.005452880859375000e+03 6.887085449218750000e+03
3.345478759765625000e+03 9.185507812500000000e+03
5.491100585937500000e+03 6.135547851562500000e+03
5.427671386718750000e+03 5.467011230468750000e+03
4.411079589843750000e+03 2.390502685546875000e+03
1.893126953125000000e+03 8.007763183593750000e+03
1.033935424804687500e+03 7.538990722656250000e+03
3.394769775390625000e+03 8.260714843750000000e+03
5.712470214843750000e+03 6.489077636718750000e+03
1.702558593750000000e+03 3.325030273437500000e+03
4.862483886718750000e+03 2.792890380859375000e+03
2.473559326171875000e+03 3.884289550781250000e+02
3.914455566406250000e+03 7.783999023437500000e+03
4.380501953125000000e+03 2.467866210937500000e+03
5.779666503906250000e+03 5.179094238281250000e+03
2.953785156250000000e+03 1.356828979492187500e+03
3.509553466796875000e+03 7.695126953125000000e+03
1.857135986328125000e+03 7.711730468750000000e+03
4.392754394531250000e+03 1.011188354492187500e+03
4.683994628906250000e+03 2.505412353515625000e+03
4.059398193359375000e+03 6.963065917968750000e+03
8.251308593750000000e+02 2.291188964843750000e+03
3.877921875000000000e+03 2.432412109375000000e+03
4.042976318359375000e+03 1.565459716796875000e+03
6.294440917968750000e+03 7.375878906250000000e+03
3.959967773437500000e+03 2.337477783203125000e+03
3.782168457031250000e+03 8.688776367187500000e+03
3.735922363281250000e+03 1.543454833984375000e+03
4.956504394531250000e+03 5.800057617187500000e+03
1.300457641601562500e+03 6.057855468750000000e+03
3.367558837890625000e+03 3.541788818359375000e+03
8.207697143554687500e+02 7.541188476562500000e+03
8.554340820312500000e+02 6.622001464843750000e+03
7.125124511718750000e+02 4.544847167968750000e+03
6.245040527343750000e+03 3.446499755859375000e+03
5.506593750000000000e+03 3.133958496093750000e+03
5.928585449218750000e+03 2.667830810546875000e+03
7.238628540039062500e+02 2.884810791015625000e+03
5.050514160156250000e+03 2.911879882812500000e+03
2.484996093750000000e+03 3.918554687500000000e+03
4.202594238281250000e+03 3.024813720703125000e+03
3.705401611328125000e+03 3.695442871093750000e+03
5.779531738281250000e+03 6.002929199218750000e+03
2.642524169921875000e+03 7.835921875000000000e+03
8.244371337890625000e+02 4.207966308593750000e+03
7.054848632812500000e+02 6.430097045898437500e+02
7.061362915039062500e+02 1.451178222656250000e+03
7.687037353515625000e+02 7.797237792968750000e+03
5.561534667968750000e+03 5.238901855468750000e+03
2.601603759765625000e+03 4.189410156250000000e+03
2.150642578125000000e+03 4.635467285156250000e+03
5.850075073242187500e+02 3.635468261718750000e+03
5.693479003906250000e+03 8.685894531250000000e+03
5.088577636718750000e+03 2.680043701171875000e+03
5.893558105468750000e+03 3.029006835937500000e+03
4.104435058593750000e+03 5.022415039062500000e+03
2.673497314453125000e+03 4.826944824218750000e+03
2.421625976562500000e+03 3.910946777343750000e+03
2.926765625000000000e+03 8.685875000000000000e+03
1.651430419921875000e+03 7.125011718750000000e+03
5.383528320312500000e+03 8.403975585937500000e+03
1.549788574218750000e+03 1.973807006835937500e+03
1.033230834960937500e+03 8.505839843750000000e+03
3.801596923828125000e+03 5.482442382812500000e+03
3.589528808593750000e+03 3.560501220703125000e+03
5.331537109375000000e+03 7.145117187500000000e+03
2.899453857421875000e+03 1.815012054443359375e+02
4.877447753906250000e+03 7.891092773437500000e+03
4.315662597656250000e+03 7.627041503906250000e+03
6.181994628906250000e+03 3.345489257812500000e+03
2.940456787109375000e+03 2.073936767578125000e+03
6.169969726562500000e+03 3.405906738281250000e+03
1.553508056640625000e+03 2.415910156250000000e+03
1.579586914062500000e+03 6.704887207031250000e+03
4.522529785156250000e+03 3.394428466796875000e+03
3.337368652343750000e+03 4.295641113281250000e+03
5.844985839843750000e+03 8.427004882812500000e+03
3.228974609375000000e+03 8.901474609375000000e+03
6.031555175781250000e+03 5.234974609375000000e+03
5.784032714843750000e+03 3.632348632812500000e+03
3.886060791015625000e+03 1.292443481445312500e+03
3.273541503906250000e+03 3.788994384765625000e+03
4.253051757812500000e+03 1.081425659179687500e+03
6.274021484375000000e+03 8.592500976562500000e+03
2.730409667968750000e+03 3.688000000000000000e+03
2.585465576171875000e+03 6.856905273437500000e+03
1.899524658203125000e+03 5.546463867187500000e+03
3.470468994140625000e+03 8.691055664062500000e+03
4.014604492187500000e+02 6.089938476562500000e+03
6.093568847656250000e+03 3.609963134765625000e+03
3.420535888671875000e+03 3.812410156250000000e+03
3.532452880859375000e+03 8.138001953125000000e+03
8.289771118164062500e+02 6.603491210937500000e+03
4.411106933593750000e+03 1.209451416015625000e+03
4.371471191406250000e+03 1.913873535156250000e+03
1.297508056640625000e+03 4.552929687500000000e+03
2.923504882812500000e+03 1.879006713867187500e+03
4.469532714843750000e+03 2.498442871093750000e+03
5.193743286132812500e+02 4.908035644531250000e+03
6.119072753906250000e+03 9.599863891601562500e+02
5.601076171875000000e+03 8.716477539062500000e+03
2.674424560546875000e+03 5.060579101562500000e+03
3.050331542968750000e+03 5.741408203125000000e+03
3.734410400390625000e+02 4.188858886718750000e+03
6.129613281250000000e+03 5.756066406250000000e+03
1.158443115234375000e+03 1.684913574218750000e+03
5.204466308593750000e+03 4.352449707031250000e+03
2.138510986328125000e+03 6.722946289062500000e+03
1.607163208007812500e+03 8.265817382812500000e+03
4.468450683593750000e+03 4.352596679687500000e+03
4.580892578125000000e+03 1.210503295898437500e+03
4.483481445312500000e+03 3.941465087890625000e+03
4.110013183593750000e+03 1.495432739257812500e+03
1.741487915039062500e+03 5.072444335937500000e+03
3.729071777343750000e+03 9.223537109375000000e+03
2.964009033203125000e+03 9.240522460937500000e+03
4.770532226562500000e+03 8.421959960937500000e+03
3.911006591796875000e+03 8.727500000000000000e+03
2.803972900390625000e+03 8.516545898437500000e+03
1.032495483398437500e+03 2.404993164062500000e+03
3.291347656250000000e+03 6.020401855468750000e+03
4.055599609375000000e+03 4.214404785156250000e+03
4.318493652343750000e+03 8.599028320312500000e+03
1.747045654296875000e+03 1.798482177734375000e+03
6.316038085937500000e+03 3.218495849609375000e+03
4.181485351562500000e+03 6.402484863281250000e+03
5.169001464843750000e+03 8.701089843750000000e+03
3.082387207031250000e+03 3.925613525390625000e+03
3.485439208984375000e+03 4.123416992187500000e+03
2.974267883300781250e+02 5.470060546875000000e+03
1.869601074218750000e+03 4.579428222656250000e+03
3.367365966796875000e+03 7.007568847656250000e+03
5.219566894531250000e+03 5.938018066406250000e+03
4.417459960937500000e+03 4.138425781250000000e+03
4.384484375000000000e+03 8.662962890625000000e+03
1.359724426269531250e+02 1.220107574462890625e+02
4.862528320312500000e+03 4.035478515625000000e+03
4.142949218750000000e+03 9.407566406250000000e+03
4.907064941406250000e+03 8.771497070312500000e+03
2.571985107421875000e+03 9.314445312500000000e+03
2.413392089843750000e+03 3.675571289062500000e+03
4.868475585937500000e+03 8.700024414062500000e+03
5.009799194335937500e+02 3.125540039062500000e+03
4.097662597656250000e+03 3.560437500000000000e+03
5.344506347656250000e+03 5.815465332031250000e+03
4.444929687500000000e+03 7.889805297851562500e+02
2.304790954589843750e+02 6.229983886718750000e+03
3.885030517578125000e+03 1.178448730468750000e+03
5.566482421875000000e+03 5.833516113281250000e+03
3.419490478515625000e+03 7.870017089843750000e+03
5.707451660156250000e+03 3.401468750000000000e+03
4.773394042968750000e+03 3.683476318359375000e+03
3.788966552734375000e+03 6.194104003906250000e+02
2.167468505859375000e+03 8.154931640625000000e+03
2.805025146484375000e+03 9.184416015625000000e+03
2.240035644531250000e+03 1.032525512695312500e+03
1.949366210937500000e+03 4.856428222656250000e+03
4.839383300781250000e+03 3.715536865234375000e+03
1.446961547851562500e+03 7.936525390625000000e+03
3.275481689453125000e+03 3.729438720703125000e+03
6.086468750000000000e+03 2.639951904296875000e+03
4.689582031250000000e+03 5.181578125000000000e+03
5.611485839843750000e+03 3.217499511718750000e+03
1.221391479492187500e+03 3.937414306640625000e+03
2.633448242187500000e+03 7.362500976562500000e+03
2.338943359375000000e+03 1.373520263671875000e+03
4.358479492187500000e+03 4.443483398437500000e+03
2.193435546875000000e+03 8.266996093750000000e+03
3.802601074218750000e+03 3.763460937500000000e+03
2.824457031250000000e+03 4.301524414062500000e+03
3.354514648437500000e+03 3.099457519531250000e+03
4.236603515625000000e+03 5.412494140625000000e+03
2.733607421875000000e+03 3.868556884765625000e+03
1.330997680664062500e+03 8.091545898437500000e+03
4.923617675781250000e+03 6.017477539062500000e+03
2.578430664062500000e+03 5.126587402343750000e+03
5.344606323242187500e+02 4.302016601562500000e+03
2.787014648437500000e+03 9.815332641601562500e+02
3.691399414062500000e+03 3.574631347656250000e+03
4.864605957031250000e+03 3.719527099609375000e+03
5.527499511718750000e+03 4.165506347656250000e+03
6.197605468750000000e+03 4.416482421875000000e+03
3.421475830078125000e+03 3.359374023437500000e+03
3.766015625000000000e+03 8.605037231445312500e+02
2.809586914062500000e+03 4.120399414062500000e+03
1.872514038085937500e+03 8.214925781250000000e+03
5.048035644531250000e+03 6.795253906250000000e+02
4.069460693359375000e+03 4.089358154296875000e+03
2.111409179687500000e+03 4.113613769531250000e+03
3.980384765625000000e+03 4.426583984375000000e+03
4.404522949218750000e+03 4.804375000000000000e+03
4.407375976562500000e+03 5.314453125000000000e+03
2.968403076171875000e+03 3.639410400390625000e+03
2.183594970703125000e+03 5.332555175781250000e+03
3.929522460937500000e+03 2.091447998046875000e+03
2.772478515625000000e+03 3.585453857421875000e+03
4.147373046875000000e+03 4.310604980468750000e+03
2.076391357421875000e+03 3.234387451171875000e+03
4.455513183593750000e+03 2.360434814453125000e+03
5.001443359375000000e+03 4.061380859375000000e+03
4.411484375000000000e+03 7.279463378906250000e+03
3.880610107421875000e+03 3.008556396484375000e+03
4.319451171875000000e+03 2.591513916015625000e+03
5.587632812500000000e+03 6.313573730468750000e+03
2.864380615234375000e+03 2.606403076171875000e+03
5.136480957031250000e+03 5.055411132812500000e+03
4.208639160156250000e+03 2.727577880859375000e+03
3.032631347656250000e+03 7.049670898437500000e+03
1.478038574218750000e+03 9.091005859375000000e+03
2.656555908203125000e+03 5.859524414062500000e+03
3.492562988281250000e+03 5.273460449218750000e+03
5.614359375000000000e+03 4.890648925781250000e+03
2.652660888671875000e+03 6.747601562500000000e+03
6.010625976562500000e+03 4.485473144531250000e+03
1.804456542968750000e+03 3.267444091796875000e+03
1.341424682617187500e+03 5.719497558593750000e+03
5.517588867187500000e+03 3.344481933593750000e+03
5.247573730468750000e+03 4.786562988281250000e+03
2.221322998046875000e+03 6.703396484375000000e+03
2.738429443359375000e+03 7.256432128906250000e+03
3.662552490234375000e+03 6.160629394531250000e+03
4.582402832031250000e+03 5.674371093750000000e+03
2.412576171875000000e+03 5.705417968750000000e+03
1.808591796875000000e+03 5.693511230468750000e+03
5.570520019531250000e+03 3.248491455078125000e+03
1.431455566406250000e+03 2.576438232421875000e+03
1.809518920898437500e+03 5.991583496093750000e+03
5.070420410156250000e+03 3.568552978515625000e+03
4.608607910156250000e+03 2.790552001953125000e+03
4.447594726562500000e+03 7.987491699218750000e+03
4.710542968750000000e+03 3.694388427734375000e+03
2.915489501953125000e+03 4.672432128906250000e+03
2.435528076171875000e+03 3.869572998046875000e+03
4.578442871093750000e+03 2.791437255859375000e+03
4.368446777343750000e+03 4.747427246093750000e+03
5.500483398437500000e+03 3.735437744140625000e+03
3.933440429687500000e+03 6.903486816406250000e+03
4.177439941406250000e+03 1.962545410156250000e+03
8.564415893554687500e+02 3.231555908203125000e+03
5.899456542968750000e+03 6.641589355468750000e+03
4.977524414062500000e+03 2.749530517578125000e+03
5.068632812500000000e+03 7.210490234375000000e+03
5.496396484375000000e+03 3.998534912109375000e+03
1.421517822265625000e+03 6.751508300781250000e+03
5.191404296875000000e+03 3.974375244140625000e+03
3.121544433593750000e+03 2.685441162109375000e+03
5.118389160156250000e+03 3.295309570312500000e+03
5.164582519531250000e+03 2.869516113281250000e+03
5.569647949218750000e+03 3.025504638671875000e+03
2.407398681640625000e+03 3.032459960937500000e+03
3.015377441406250000e+03 6.917534667968750000e+03
2.651406250000000000e+03 4.502456054687500000e+03
3.444480957031250000e+03 4.520322265625000000e+03
9.773770141601562500e+02 4.345455566406250000e+03
6.010584960937500000e+03 8.883471679687500000e+03
5.123628417968750000e+03 7.188472656250000000e+03
3.786432861328125000e+03 3.344449951171875000e+03
4.697443359375000000e+03 2.744476074218750000e+03
5.125416503906250000e+03 2.551449462890625000e+03
4.381462402343750000e+03 3.255445800781250000e+03
4.659511230468750000e+03 6.311534667968750000e+03
4.525454101562500000e+03 2.340589111328125000e+03
5.469436035156250000e+03 4.938445800781250000e+03
4.778445800781250000e+03 2.949580322265625000e+03
2.339481445312500000e+03 7.553482421875000000e+03
2.299496826171875000e+03 3.988534912109375000e+03
2.318463867187500000e+03 4.387605957031250000e+03
4.138515136718750000e+03 1.304456420898437500e+03
3.871517333984375000e+03 1.719386352539062500e+03
3.088512939453125000e+03 7.260542480468750000e+03
6.211563964843750000e+03 4.648458984375000000e+03
3.544484619140625000e+03 6.169578613281250000e+03
2.754395507812500000e+03 7.352443847656250000e+03
3.325405761718750000e+03 2.446356933593750000e+03
3.991397460937500000e+03 2.637536865234375000e+03
5.581539062500000000e+03 6.318479980468750000e+03
2.585569824218750000e+03 7.826515625000000000e+03
1.511504638671875000e+03 4.959569824218750000e+03
4.198471191406250000e+03 5.844417968750000000e+03
4.882457031250000000e+03 7.022410156250000000e+03
5.788419921875000000e+03 8.376520507812500000e+03
3.219481689453125000e+03 5.243499023437500000e+03
5.437550292968750000e+03 7.024555664062500000e+03
5.970490722656250000e+03 6.295514160156250000e+03
5.351542968750000000e+03 4.456486328125000000e+03
4.958491699218750000e+03 5.728493652343750000e+03
3.189561767578125000e+03 2.469369384765625000e+03
5.887478027343750000e+03 4.453403320312500000e+03
6.001590820312500000e+03 3.118424560546875000e+03
6.225582031250000000e+03 6.354550292968750000e+03
4.148509277343750000e+03 1.129523437500000000e+03
2.530536376953125000e+03 2.366584472656250000e+03
1.230471435546875000e+03 5.407418945312500000e+03
4.153625000000000000e+03 2.595562500000000000e+03
6.043474121093750000e+03 3.516404296875000000e+03
5.565462402343750000e+03 5.185602539062500000e+03
4.343540039062500000e+03 6.357535644531250000e+03
6.271478515625000000e+03 9.494469726562500000e+03
2.274481201171875000e+03 6.694488281250000000e+03
1.379478515625000000e+03 7.154523925781250000e+03
5.100484863281250000e+03 5.596612792968750000e+03
3.054550048828125000e+03 7.272512695312500000e+03
5.321520996093750000e+03 5.837402343750000000e+03
4.636592285156250000e+03 2.905541259765625000e+03
5.814459960937500000e+03 8.161443359375000000e+03
2.980575439453125000e+03 2.170574218750000000e+03
1.296506591796875000e+03 3.996598632812500000e+03
5.382471191406250000e+03 2.971562744140625000e+03
3.237533203125000000e+03 6.418505859375000000e+03
2.831401123046875000e+03 7.521505371093750000e+03
5.055374511718750000e+03 2.971519531250000000e+03
4.017456787109375000e+03 7.828385742187500000e+03
5.006484863281250000e+03 2.750518798828125000e+03
1.385469726562500000e+03 4.711475585937500000e+03
3.174511230468750000e+03 4.666478515625000000e+03
5.898561523437500000e+03 8.845488281250000000e+03
9.705588378906250000e+02 2.399453613281250000e+03
4.467509277343750000e+03 4.877539550781250000e+03
3.837502929687500000e+03 3.018404541015625000e+03
5.078537597656250000e+03 7.969504394531250000e+03
5.544539550781250000e+03 7.368405273437500000e+03
5.599495605468750000e+03 1.605493041992187500e+03
6.342520996093750000e+03 7.813504394531250000e+03
7.545526733398437500e+02 6.084555175781250000e+03
4.402545410156250000e+03 2.974513916015625000e+03
5.432509765625000000e+03 2.450387695312500000e+03
1.140543579101562500e+03 3.575432861328125000e+03
1.856496459960937500e+03 7.011476562500000000e+03
2.319581542968750000e+03 3.037515136718750000e+03
1.365358520507812500e+03 3.397566894531250000e+03
6.173551269531250000e+03 3.251444824218750000e+03
2.181497558593750000e+03 3.654550537109375000e+03
1.911411499023437500e+03 7.380419433593750000e+03
2.172518554687500000e+03 8.333511718750000000e+03
2.122522705078125000e+03 6.092517578125000000e+03
8.064367065429687500e+02 5.359505859375000000e+03
1.137463012695312500e+03 5.022495117187500000e+03
5.174501953125000000e+03 5.034459960937500000e+03
3.410554687500000000e+03 8.829432617187500000e+03
4.203478515625000000e+03 7.649607421875000000e+03
5.522489257812500000e+03 6.589595214843750000e+03
4.307566406250000000e+03 8.767542968750000000e+03
2.886498779296875000e+03 1.141447998046875000e+03
1.964465332031250000e+03 7.481462402343750000e+03
5.223563476562500000e+03 3.434537597656250000e+03
5.855477050781250000e+03 4.145510742187500000e+03
2.529554931640625000e+03 1.588458740234375000e+03
5.786504394531250000e+03 3.530527832031250000e+03
4.744553222656250000e+03 1.683445800781250000e+03
1.204799575805664062e+02 4.994488281250000000e+03
4.675620117187500000e+02 8.582469726562500000e+03
3.062531005859375000e+03 2.300513671875000000e+03
5.707447753906250000e+03 4.164532714843750000e+03
5.770547363281250000e+03 3.785517089843750000e+03
4.518499511718750000e+03 4.761599121093750000e+03
2.913480224609375000e+03 2.819514160156250000e+03
4.956545410156250000e+03 4.256508789062500000e+03
3.059426269531250000e+03 7.877493164062500000e+03
5.334476562500000000e+03 1.600543212890625000e+03
4.453448242187500000e+03 8.512554687500000000e+03
1.518524902343750000e+03 7.055500000000000000e+03
4.849495605468750000e+03 3.765560302734375000e+03
2.855724487304687500e+02 2.437532714843750000e+03
5.800509277343750000e+03 3.113542480468750000e+03
4.933543457031250000e+03 8.193544921875000000e+03
4.445514648437500000e+03 7.230409667968750000e+03
5.678514160156250000e+03 4.057442382812500000e+03
3.863466796875000000e+03 1.248485717773437500e+03
2.997467529296875000e+03 7.774451171875000000e+03
5.482522460937500000e+03 1.103508422851562500e+03
5.933488281250000000e+03 6.570546875000000000e+03
5.893495605468750000e+03 6.534508300781250000e+03
8.325083007812500000e+02 4.122478515625000000e+03
2.464494140625000000e+03 8.578569335937500000e+03
3.495542236328125000e+03 8.227541015625000000e+03
4.091469482421875000e+03 1.569430664062500000e+03
4.099472656250000000e+03 9.954406738281250000e+02
1.723470703125000000e+03 7.626513671875000000e+03
3.176517578125000000e+03 8.935466796875000000e+03
5.507427246093750000e+03 2.424548828125000000e+03
1.265471069335937500e+03 3.505560791015625000e+03
4.559515625000000000e+03 7.575526855468750000e+03
2.367540039062500000e+03 2.644542968750000000e+03
4.522462402343750000e+03 8.617527343750000000e+03
4.612560058593750000e+03 8.051516113281250000e+03
6.084871215820312500e+02 3.868540527343750000e+03
1.625481567382812500e+03 7.101452148437500000e+03
9.904650268554687500e+02 1.889428588867187500e+03
5.933474121093750000e+03 3.571450195312500000e+03
2.982519287109375000e+03 2.147524902343750000e+03
2.834580566406250000e+03 1.544479492187500000e+03
6.315104980468750000e+02 6.976473632812500000e+03
6.191495605468750000e+03 5.234634399414062500e+02
4.820510253906250000e+03 1.321484130859375000e+03
3.011499023437500000e+03 1.701510498046875000e+03
4.033529785156250000e+03 1.193484741210937500e+03
6.144530639648437500e+02 3.261520263671875000e+03
4.495593261718750000e+03 1.940453125000000000e+03
3.330460693359375000e+03 8.347430664062500000e+03
2.544994964599609375e+02 4.041568603515625000e+03
6.306558105468750000e+03 6.394648437500000000e+02
6.062453613281250000e+03 1.533522949218750000e+03
2.698443359375000000e+03 8.929532226562500000e+03
3.688517333984375000e+03 7.793553710937500000e+03
2.127505371093750000e+03 3.415024108886718750e+02
1.088504760742187500e+03 3.276552001953125000e+03
6.085197143554687500e+02 8.734634399414062500e+02
5.965516601562500000e+03 8.746459960937500000e+03
4.291537597656250000e+03 9.465220947265625000e+02
5.595078735351562500e+02 6.165014038085937500e+02
1.124808273315429688e+02 1.355511474609375000e+03
4.420501464843750000e+03 7.751532226562500000e+03
5.699523925781250000e+03 4.095114135742187500e+02
4.091482421875000000e+03 8.959480468750000000e+03
5.828521972656250000e+03 3.374806213378906250e+02
2.669481689453125000e+03 1.652488647460937500e+03
1.315243072509765625e+02 8.224495117187500000e+03
