id xcentroid ycentroid sharpness roundness1 roundness2 npix sky peak flux mag
1 584.22881 4.6536868 0.66464187 -0.14986295 -0.15939309 25 0 281.32855 1.301125 -0.2857976
2 1206.1524 6.1845224 0.70432147 0.0079060039 -0.18187554 25 0 432.66534 1.86639 -0.67750599
3 77.058069 8.0113743 0.49491947 0.24662609 0.044822848 25 0 295.8154 1.0999501 -0.10343243
4 1701.6362 22.609465 0.56036075 0.036013398 -0.08656607 25 0 273.75821 1.0909874 -0.094549381
5 2634.5988 25.904362 0.4044494 0.29972264 -0.42911209 25 0 81.138947 1.0125456 -0.013536462
6 856.42228 68.950285 0.31097898 0.3739022 0.072145914 25 0 153.02956 1.0494144 -0.052367544
7 808.91968 76.71743 0.45494609 -0.19876797 -0.0012980979 25 0 370.78101 1.775439 -0.6232644
8 3033.9475 82.040482 0.44641193 0.043846186 -0.098678103 25 0 1641.7712 7.3341026 -2.1633675
9 1107.9633 85.284929 0.48395301 0.42265537 -0.0373018 25 0 522.05206 2.2510026 -0.88093997
10 3093.4328 111.49862 0.39865381 0.38347778 0.055965555 25 0 146.83273 1.0050033 -0.0054187552
11 1208.0989 125.98028 0.59502848 0.45556837 0.02560935 25 0 1006.7537 3.9988537 -1.5048388
12 2120.3767 157.48166 0.52196626 0.67382699 0.1782108 25 0 885.85461 3.518832 -1.3659963
13 2701.0496 159.30093 0.5635883 0.69539279 0.12752644 25 0 323.31747 1.5639963 -0.48558931
14 232.85599 173.96911 0.46440761 0.19707358 -0.068145378 25 0 7686.0806 34.737438 -3.8519945
15 3293.8162 181.73255 0.61765097 -0.45718443 0.59665565 25 0 128.82951 1.0818741 -0.085441842
16 2220.5043 190.25252 0.46348408 0.19963618 0.054918859 25 0 2836.4031 11.448784 -2.6468984
17 2077.8259 191.3939 0.66000084 0.2126541 -0.16000274 25 0 370.10254 1.4800073 -0.42565964
18 2334.2397 194.1534 0.49216933 0.52145755 0.13046345 25 0 1484.2401 6.6455812 -2.0563324
19 3060.3521 211.28443 0.33587889 0.33201799 -0.11124116 25 0 894.27753 3.9820478 -1.5002662
20 2005.0467 239.77758 0.50277519 0.42564934 0.061474205 25 0 41298.047 179.55101 -5.6354696
21 1259.6084 263.59711 0.48810041 -0.58956462 -0.086858364 25 0 319.3717 2.0348067 -0.77130791
22 2302.2326 275.56344 0.50415443 0.38783836 0.15715231 25 0 769.05457 3.3423264 -1.3101221
23 2888.7505 294.56543 0.56572925 0.095268667 0.11432028 25 0 587.2359 2.5579135 -1.0197147
24 1128.5771 336.9066 0.44684989 0.18275601 -0.11769997 25 0 577.13934 2.4566977 -0.9758793
25 2371.0851 344.12316 0.58679384 0.090079866 0.089368271 25 0 343.18301 1.4838396 -0.42846742
26 1700.3162 356.33762 0.77806689 0.53749651 -0.087174662 25 0 319.14719 1.0439501 -0.046699331
27 3231.225 357.82395 0.41060941 0.27671516 0.026853598 25 0 1038.0258 4.6010146 -1.657134
28 2983.2674 384.29985 0.41304821 0.65000272 0.029378287 25 0 473.65347 2.1433518 -0.82773365
29 684.23467 388.93946 0.51372213 0.1378472 -0.19058815 25 0 1262.9982 5.5382299 -1.8584275
30 2751.4536 405.89977 0.43347812 0.33872259 -0.15412732 25 0 864.0177 3.6762197 -1.4135036
31 1146.7594 423.51477 0.53899275 0.31783044 0.14035203 25 0 955.75378 3.9060538 -1.4793455
32 628.49078 446.70131 0.35805189 0.00093443244 0.49255683 25 0 69.861801 1.0287355 -0.030759337
33 1047.8644 457.49457 0.50806412 0.5358116 0.2081222 25 0 1369.5371 5.7423263 -1.8977197
34 558.43043 460.64031 0.5007963 -0.19525543 -0.12059039 25 0 12580.403 48.951786 -4.2244214
35 2116.1544 473.24701 0.51593635 0.29939765 0.12323492 25 0 846.70502 3.6604867 -1.4088471
36 2589.9624 483.01103 0.57874862 0.18563242 -0.16063535 25 0 503.39441 2.1043429 -0.80779129
37 3046.3936 527.76545 0.64227113 0.058569215 0.37446992 25 0 3370.0222 17.283567 -3.0940835
38 1811.919 529.03095 0.62018009 0.18193077 0.088583573 25 0 574.79694 2.1139972 -0.81276103
39 265.61705 545.83521 0.5422249 0.50486737 -0.024288908 25 0 1551.3899 6.208828 -1.9825241
40 3273.5037 549.17382 0.53394025 0.43039671 -0.0027751482 25 0 888.8515 3.6003156 -1.3908514
41 1626.6965 554.55936 0.58757305 0.42818817 0.15079057 25 0 1170.036 5.1278028 -1.7748283
42 2385.8398 572.71364 0.40445806 0.060515128 -0.1223564 25 0 672.77234 3.0793054 -1.2211319
43 1537.9698 578.97537 0.44850094 -0.26234257 0.13988959 25 0 334.21341 1.4964398 -0.43764814
44 2691.555 582.99165 0.38371952 -0.09732458 0.037140734 25 0 242.36646 1.3134004 -0.29599285
45 2234.267 588.1015 0.53649683 0.13216431 0.05733139 25 0 2297.113 10.753493 -2.5788739
46 947.24945 593.36205 0.5317863 0.20634049 0.40518812 25 0 205.13551 1.1238734 -0.12679344
47 2369.2407 596.70156 0.61831908 0.44863361 0.11694488 25 0 262.58636 1.0618906 -0.065199443
48 2299.1685 605.86811 0.51404204 0.15284953 0.011127996 25 0 2871.5232 12.698981 -2.7594222
49 1093.8625 616.07306 0.5732592 0.39063263 0.11937193 25 0 898.27539 3.6531026 -1.4066547
50 412.83908 625.34862 0.43571056 0.042972893 -0.084918751 25 0 585.44879 2.4707606 -0.98207666
51 3020.6638 626.90523 0.46626326 -0.28303027 -0.026077128 25 0 254.18268 1.1789709 -0.17875774
52 2310.3443 627.66242 0.35752096 -0.5513435 -0.32013169 25 0 165.4781 1.1453182 -0.14731536
53 348.53941 638.79561 0.4381441 -0.0037577373 -0.099730307 25 0 1774.2083 7.5121784 -2.1894147
54 1897.6101 639.76269 0.4022614 -0.10117997 -0.12386325 25 0 228.00729 1.3312267 -0.31063005
55 2983.3086 683.24053 0.21606772 0.060064297 -0.15058195 25 0 139.95102 1.089612 -0.093179701
56 1371.8394 711.77115 0.5095704 0.50260359 0.22337012 25 0 2114.7883 9.155118 -2.4041599
57 2201.5769 726.32459 0.5454878 0.4913398 -0.34511086 25 0 237.21271 1.1304696 -0.13314718
58 73.344102 773.62864 0.45626697 0.059179511 -0.039766137 25 0 227.15179 1.2620851 -0.25272158
59 3.7533125 773.62307 0.49904321 0.3366068 0.0035450488 25 0 3386.4265 13.451959 -2.8219638
60 2154.2056 775.16533 0.52628019 0.25019369 0.070266713 25 0 1234.8896 5.337379 -1.8183201
61 1365.015 780.60781 0.48563348 0.54838711 0.3985259 25 0 1551.1694 6.3103037 -2.0001257
62 869.27035 784.94773 0.55361911 -0.037175901 -0.051513567 25 0 1006.305 4.0049829 -1.5065017
63 102.24125 792.45632 0.75693909 -0.31081682 -0.076904446 25 0 316.48065 1.1139114 -0.11712661
64 300.22749 830.27557 0.50461238 0.17314838 0.0060306415 25 0 803.16058 3.595856 -1.3895057
65 217.21345 835.8727 0.34844867 0.32261726 0.19169763 25 0 331.57718 1.5978018 -0.50880727
66 338.23625 836.36563 0.28776593 0.23199217 0.038874776 25 0 524.48639 2.2874246 -0.89836695
67 759.5598 871.45887 0.38299516 0.29586598 0.40798906 25 0 335.07462 1.4975797 -0.43847486
68 1326.4948 884.93005 0.3593265 0.48697549 -0.48166958 25 0 181.8555 1.0116001 -0.012522198
69 1795.714 904.91641 0.54918249 -0.37284896 -0.25045003 25 0 312.01059 1.3703974 -0.34211635
70 2532.8877 976.14748 0.56483557 -0.03522636 -0.12129711 25 0 363.6618 1.404936 -0.36914132
71 2414.7728 976.77503 0.48544909 0.28876153 0.014809297 25 0 2787.2039 12.326623 -2.7271103
72 435.61963 1007.3083 0.50189981 0.056903496 -0.075151352 25 0 4147.0879 16.949635 -3.0729008
73 1845.1875 1037.8322 0.53273133 -0.025661478 0.048615536 25 0 45201.203 187.27808 -5.6812173
74 2833.7281 1057.2594 0.3989504 -0.22167754 -0.4318128 25 0 347.49948 1.6573865 -0.54855952
75 2518.1135 1069.6899 0.53694868 0.25172246 -0.036621592 25 0 372.79898 1.8194145 -0.64982913
76 208.07836 1074.986 0.50880456 0.58775949 0.12878062 25 0 316.69342 1.3844633 -0.35320363
77 1300.3144 1076.3942 0.32405948 0.42307445 0.054060241 25 0 360.12885 1.7213614 -0.58968015
78 2921.8286 1093.2803 0.42084732 -0.3610898 -0.3851364 25 0 266.82867 1.318635 -0.30031149
79 991.31134 1105.7537 0.46058332 -0.02603231 -0.47019028 25 0 698.52301 2.8663151 -1.1433098
80 1789.2254 1148.7595 0.4990923 0.11969879 0.27872873 25 0 243.71277 1.1926236 -0.19125851
81 192.00047 1197.1626 0.5551581 -0.018849069 0.28001928 25 0 250.2894 1.0065238 -0.0070601727
82 664.0772 1197.1357 0.40809921 -0.2751734 -0.17828962 25 0 273.3338 1.4580681 -0.40944455
83 1110.1818 1224.4741 0.52040292 -0.24901722 0.015169071 25 0 33232.562 138.90878 -5.3568243
84 796.00081 1235.6821 0.38508038 -0.2001452 -0.25019486 25 0 326.44208 1.6343787 -0.53338172
85 180.80823 1241.3993 0.44965558 0.42432073 0.18915419 25 0 468.44379 1.8931339 -0.69295332
86 782.13424 1273.6144 0.45660935 0.00094145094 0.22410553 25 0 347.98413 1.5400317 -0.46882413
87 1392.2149 1275.4626 0.51115705 -0.15416506 -0.07591134 25 0 784.28931 3.2487693 -1.2792972
88 2731.566 1293.9943 0.31741535 -0.781721 -0.39502973 25 0 172.61511 1.1740103 -0.17417975
89 595.48824 1300.6872 0.47557118 0.12893827 -0.21687441 25 0 1160.6266 4.998292 -1.7470541
90 2172.9785 1322.7844 0.54419454 -0.40002328 -0.7337186 25 0 184.02614 1.0586331 -0.061863661
91 141.57858 1348.3873 0.58472882 -0.069297761 -0.24794177 25 0 524.58118 2.3431013 -0.92447765
92 2683.3484 1380.6742 0.46167476 -0.15712573 -0.14764916 25 0 3835.0713 17.090202 -3.081868
93 1800.342 1419.3845 0.47007006 -0.073160201 0.062553642 25 0 301.9679 1.3473169 -0.32367436
94 228.89704 1456.8705 0.52232064 0.5315423 0.4248845 25 0 677.49011 2.9018118 -1.1566731
95 1842.0755 1465.8476 0.30344599 0.83523679 0.25248399 25 0 171.55644 1.3099838 -0.29316485
96 1842.6879 1467.5741 0.98918881 0.90812063 0.25802708 25 0 401.05832 1.6131408 -0.5191807
97 1819.5805 1474.3652 0.60373065 -0.10944773 0.18620637 25 0 319.37286 1.3092228 -0.29253391
98 2767.1992 1480.6164 0.67761809 -0.53327578 0.13363442 25 0 360.60596 1.3636624 -0.33676713
99 393.10433 1488.116 0.61250821 -0.67645675 -0.28124277 25 0 530.4895 2.2487152 -0.87983612
100 2819.9997 1489.7392 0.53228084 0.0083135879 -0.081909927 25 0 2036.214 8.7729864 -2.3578686
101 2696.4574 1527.3153 0.63122173 0.27464816 -0.065445474 25 0 874.53314 3.4344549 -1.3396446
102 217.2253 1537.2688 0.52237683 0.17856038 -0.29312323 25 0 608.55347 2.637887 -1.0531405
103 2384.1012 1556.8986 0.77274713 0.4853307 0.15965921 25 0 322.56866 1.1813445 -0.18094142
104 620.402 1562.1068 0.36845932 -0.38275206 -0.29942882 25 0 390.224 1.7267787 -0.59309174
105 104.73503 1569.5564 0.42539115 0.19153175 -0.19343867 25 0 281.82941 1.2604563 -0.2513195
106 309.03701 1569.644 0.51328947 0.26300418 0.0036024827 25 0 909.06494 4.1320968 -1.5404262
107 1521.942 1605.1233 0.2344167 -0.18683441 0.14900233 25 0 193.34712 1.0049503 -0.0053614442
108 70.303141 1619.5744 0.84023441 0.29353568 -0.28583687 25 0 243.66626 1.0248033 -0.026601268
109 213.04349 1621.3896 0.55809566 0.023838121 0.0053931081 25 0 420.52853 1.8600677 -0.67382189
110 2096.8723 1622.8907 0.49077005 0.20510446 -0.11510711 25 0 776.09174 3.3415587 -1.3098727
111 2870.314 1644.0552 0.52249856 -0.53667665 -0.065594236 25 0 238.11447 1.2489831 -0.24139144
112 1100.5091 1647.6974 0.46901787 -0.25119752 -0.35370976 25 0 246.33234 1.280454 -0.26840999
113 2917.2595 1647.843 0.45505481 -0.16131116 -0.17366739 25 0 444.00397 2.1076536 -0.8094981
114 1105.3376 1650.6576 0.6431508 -0.5763849 -0.40957815 25 0 356.09241 1.2839245 -0.27134868
115 2557.2008 1652.4909 0.3728571 -0.13327537 -0.065748512 25 0 549.86633 2.4053011 -0.95292362
116 2062.1258 1671.5033 0.49899512 -0.059764765 0.12096791 25 0 3256.9604 15.015701 -2.9413641
117 2233.2558 1674.8876 0.41402003 0.28939956 -0.51792247 25 0 268.4382 1.5165682 -0.45215485
118 2508.0655 1728.1426 0.53742926 -0.12127053 -0.081233519 25 0 8739.5479 38.955875 -3.9764324
119 382.82304 1741.8329 0.37018747 -0.13175382 -0.17178716 25 0 456.48911 2.3294537 -0.91813521
120 2262.4597 1774.9733 0.43561843 -0.15617064 -0.16579657 25 0 269.68484 1.5473402 -0.47396449
121 385.12587 1779.2643 0.50631915 -0.17673005 -0.087219834 25 0 2058.4648 9.3217087 -2.4237388
122 2329.7605 1817.5772 0.4933443 -0.17126778 0.14671221 25 0 1754.583 7.485249 -2.1855156
123 494.39228 1820.4758 0.54664028 0.072843008 -0.19243696 25 0 449.49423 1.896184 -0.69470118
124 1719.8332 1821.5262 0.39500849 -0.58234787 -0.046387456 25 0 198.95956 1.0645989 -0.067965051
125 3035.4787 1832.4583 0.40730858 0.48101935 -0.12833167 25 0 290.20895 1.4929804 -0.43513524
126 421.18159 1893.5191 0.51572778 -0.20584588 -0.055644891 25 0 1836.9187 7.9022417 -2.2443758
127 3065.6006 1913.9668 0.76614255 0.043959927 0.42688889 25 0 407.90433 1.355756 -0.33045387
128 861.73818 1934.5323 0.49259957 -0.20269816 0.15938717 25 0 3338.1665 14.017216 -2.8666544
129 2130.8918 1937.1926 0.40851078 -0.51073152 -0.12797221 25 0 352.36783 1.9795835 -0.74143456
130 583.77251 1970.9076 0.53368273 -0.0014667301 0.0037116106 25 0 906.7074 3.635448 -1.4013948
131 3086.8001 1970.7493 0.40147657 -0.074400477 -0.15123193 25 0 1120.0673 4.9030948 -1.7261757
132 2488.2001 2009.4841 0.62077427 0.42586982 0.22442677 25 0 232.28186 1.0963129 -0.099836292
133 1580.0659 2026.6601 0.35016871 -0.30383494 -0.018851013 25 0 583.45416 2.7232735 -1.0877282
134 663.42649 2049.8074 0.41734051 -0.40996274 -0.078137275 25 0 2794.6882 11.671346 -2.6678023
135 866.69748 2064.9047 0.50669155 -0.098605931 -0.012035692 25 0 1235.323 5.4027772 -1.8315426
136 3101.7879 2070.9376 0.46957923 0.18810056 -0.16145579 25 0 806.68793 4.1028237 -1.5327071
137 1360.5368 2082.2406 0.5971214 -0.28273368 0.14306579 25 0 320.52847 1.3990504 -0.36458337
138 1222.9788 2092.5955 0.94234602 -0.017934142 0.075137873 25 0 1416.5659 6.4405851 -2.0223133
139 2950.1947 2131.5981 0.46209092 0.011779025 0.018694516 25 0 32390.1 140.55801 -5.369639
140 2450.2289 2133.9749 0.50263486 0.06469892 0.0934572 25 0 2908.7607 12.483632 -2.7408524
141 2283.5708 2142.8961 0.5148146 -0.036913499 0.025678239 25 0 1482.2516 6.6846013 -2.0626888
142 1.6706461 2144.3958 0.46553249 0.0069019506 0.34884137 25 0 89.215012 1.0266753 -0.02858283
143 1746.1811 2168.7189 0.31449133 0.074645355 0.16188445 25 0 233.21484 1.3874606 -0.35555164
144 1546.7347 2173.5213 0.54927388 -0.44754991 0.13475272 25 0 2774.6008 11.235733 -2.6265035
145 1198.3226 2184.2205 0.43281583 0.038306054 0.061401902 25 0 831.32001 3.757812 -1.4373376
146 1440.3763 2202.5199 0.46061128 -0.12419214 0.15037698 25 0 446.75531 1.8055711 -0.64153647
147 1863.8703 2207.7531 0.41575279 -0.20936806 -0.12898029 25 0 274.88171 1.2908536 -0.27719249
148 1596.8532 2210.6583 0.43044557 -0.087235257 0.12597899 25 0 3340.5295 14.544451 -2.9067433
149 2268.9829 2223.5992 0.47217167 0.3034128 0.3308632 25 0 11356.428 48.695381 -4.2187194
150 56.074283 2226.896 0.28903614 0.56825095 -0.45904369 25 0 64.994324 1.036213 -0.038622634
151 1121.4537 2261.7077 0.51614563 0.30250111 0.046885167 25 0 455.94339 1.8279834 -0.65493061
152 1766.7157 2266.0729 0.50725 -0.078433789 0.19302958 25 0 6807.9956 29.420246 -3.6716158
153 225.00791 2266.9147 0.61554902 -0.40200862 -0.058789187 25 0 1895.4625 7.6112628 -2.2036418
154 1164.0686 2288.7753 0.52240416 -0.0040974114 0.12871775 25 0 14366.05 59.722351 -4.4403422
155 187.70204 2293.9537 0.47669946 -0.44618028 -0.051089794 25 0 3249.0935 14.2148 -2.8818519
156 2512.9617 2294.0646 0.34710654 0.15705501 0.19262528 25 0 197.70518 1.1681135 -0.16871258
157 105.96671 2306.8909 0.47801805 0.041829053 0.058862459 25 0 593.81476 2.6622674 -1.0631292
158 1943.9028 2333.3061 0.39733339 0.16213974 0.10467843 25 0 480.94336 2.2701228 -0.89012336
159 1054.1147 2373.7273 0.55002111 0.03258121 0.19226006 25 0 1186.3271 5.0513115 -1.7585104
160 2560.2342 2415.5364 0.53769413 0.2651138 0.20541766 25 0 10798.792 45.496376 -4.144942
161 485.77108 2415.71 0.51571423 0.0042052479 0.12591123 25 0 1492.5687 6.4294348 -2.020432
162 3299.6449 2423.4201 0.40775711 0.4928796 0.21144261 25 0 447.52975 1.7216287 -0.58984871
163 383.06727 2432.484 0.50301148 -0.04706277 0.22991856 25 0 2258.0105 9.9351358 -2.4929345
164 2870.3398 2454.9567 0.42798733 -0.030338999 0.062962391 25 0 427.58923 2.0344071 -0.77109468
165 799.60285 2461.1487 0.40654658 -0.17601997 0.033705827 25 0 356.09692 1.7204911 -0.58913105
166 1964.1378 2519.538 0.40340218 -0.025828598 0.1998878 25 0 265.61298 1.321085 -0.30232688
